{
  "name": "QiskitKernel_8x8",
  "matrix": [
    [0.92, 0.85, 0.78, 0.76, 0.71, 0.68, 0.62, 0.58],
    [0.85, 0.93, 0.79, 0.74, 0.70, 0.66, 0.60, 0.55],
    [0.78, 0.79, 0.91, 0.72, 0.68, 0.63, 0.59, 0.53],
    [0.76, 0.74, 0.72, 0.89, 0.66, 0.61, 0.56, 0.52],
    [0.71, 0.70, 0.68, 0.66, 0.87, 0.60, 0.55, 0.50],
    [0.68, 0.66, 0.63, 0.61, 0.60, 0.85, 0.52, 0.48],
    [0.62, 0.60, 0.59, 0.56, 0.55, 0.52, 0.84, 0.45],
    [0.58, 0.55, 0.53, 0.52, 0.50, 0.48, 0.45, 0.82]
  ]
}